15887075028841647452 15123672331826251575 11017140119469685752 13924755902356730343 15309351693319215919 9355963776406817840 15398418257569486296 16795338165355833149 15866109475847354068 17817553430271939213 
11546840167647104536 9363212577200474675 18248901104939974484 16971918699800173221 17534899803953253937 17229631961827901819 15280924856294976636 13615112661410482065 10384687963498057837 10420994508208472016 
14326185779847945655 16368699537314569895 10927200526998980491 15567837612024422736 14015260356222540444 13221019088440723663 15758992070072458904 13407376644997934878 15030541369249826037 10478950599514354385 
10950613573280809323 14960861956962476767 10094119679844099210 14615495051494083268 15301206132744236993 16049660469237390085 14382038991272396432 16412258921024852570 18068205535170651228 11889192678670297453 
15033271970342958194 13569977784409675096 15153405930285249857 14414024283407186711 15963125315383257702 11810989438739557853 12183946422669025561 13495525524669046170 13209894170329638878 12037641108248163989 
14614209436404036914 16503673983399600764 15471846979750719529 11114400704412119920 14160280573950144722 10249272433834907727 17597058707530834653 14405438567743602223 15392939536740705447 15495611445891044387 
13529421564800794036 14573270853569013871 17768659910953048133 15444713881465657200 9341319031154019564 14547234093746885300 16763463047678974450 12100507388748997367 12660942903203120246 10052095755255823367 
18183687023180177194 13494301400205456724 18072786523972126152 17432318108520929253 9741747645950002811 13520278582820857100 14014884403373800494 15179471747115381643 13722687255786320823 12700504868467407098 
18170922667909312546 10558387878588327809 15112128513633289110 15776677303791896328 14366622642073760483 17211992694202083064 9270502980007211339 12350035239458713848 15582522898562311687 12889694636423191425 
18258781712463226150 16029135170563102383 15287553840544405741 11061601010756295486 11071924412196382361 11226065955268244431 15596645678628220216 18063291250271454955 14084332911488806432 15892869875358928989 
18103788291540697339 10300602038344046656 13184148675227086074 13705271524994745795 11530706705816627708 13160352010008804109 17343680334532824181 10547821734704681968 15357356805979264417 12155522990597145852 
17583584604472472751 17608637775460971331 16400151096297609917 12616780865247891753 15241902660386483075 15881763523054792473 11566155615964781112 15499869050725647987 15205983004413885316 11373695141790979248 
15283800536015619224 12828332545735729670 11578047307129392938 9794735959019033297 18423490483061713741 12148070263095645353 9737651951367240031 12809306142532665956 9276238092165034113 11925782753312203406 
16497232470992990191 12152134585909122726 16719904997432042945 14368389631708471577 17996903889126855338 17344084129731226261 9366540526995641196 18333694346513903134 11032323509982205071 10372825204694304143 
11764348970403675635 11141417269426833948 14916990585873824516 11918908531849823053 12244083076708471900 15473420858435289449 14415974241664789457 14569689743654995023 16510268180074788584 13598732916215497692 
10926348776088513302 13305890378508800343 11603588407754735978 14240824962582062945 14630861804110774366 14283854586858868562 14537099066279083704 17111400517338629851 14180158389085929912 17636926481917519878 
10660503236171607533 10037303859363176001 10448833855813109676 16129227535963432002 11256898861718335910 16048199473305016178 10655675555112906181 10412976269800139232 12134670578604775322 13717098331147797477 
12047725999943411391 14580878694426420593 16615103146362302341 11707287376786289389 16340984923889493255 11926927778962894298 11039327672168195398 16969857112938167511 11881489151126082043 13350923785505495126 
17401382825209148589 17692426729001318592 11596888032893909901 15799765804201117318 11621493655666825521 17277109537395255942 11088313767810653190 11787403089312429291 12110355487394233036 16627531596071184677 
11120959794711163962 16703856114101118612 17407243449279318722 17377501667544125984 13454470851769020197 11216456996598977352 15177724288812718108 10272827821746119159 11685407647456402265 11666537284931998826 
17319755679038393173 17831665574023145183 11144194356838187797 13603404434848653019 11220548844583115541 10179625640039299221 11591121452605633268 9708964991776113350 12488919523548739534 18096051866008969644 
12412203769699388228 17401877330986502122 11522382493438622938 17424191772880620054 17394893201280955913 16967666204037611608 11746081383419716013 11096530347853450162 12932879476679920436 9461802926158214885 
16739933136717728499 12060427024546102262 11598893560541111560 11710161005873950534 10508087498614722001 14865630879259530214 17146284414123398366 16994237288213527492 9745812807589918056 14707338465449049132 
15349200676646540194 14048204253722347578 10711963730938497350 15418064586444873658 13982275692011921911 16178794595161161889 10693737478846345527 17658138215239158933 15891383760293419872 11733446433041520914 
16278364187548678296 10125915776923396480 12206300987866305239 14689320168874302640 13661099592128947936 15382758146931441518 14737978210398465181 15697759291989735087 10736737300915356988 14831191907674130444 
9400666306638702715 15537200273538454777 18332315141959506548 14774975327503643723 12698162418703300781 12477555389810355275 12909093891995652413 14065637126920596079 11908906094101595793 12019040969107376164 
15224387291475574703 14118857460350305190 13064794274542344516 13699387786486843659 13931687238489553170 12008845612436113879 17484155028941882208 15051830498666021831 10035721803185608111 16270086044960730647 
12910431274127013800 18238176563700644904 10074118815423222216 15589992333184104573 12074482091678335371 14425852984513820985 18230094288397294386 11352284849571894335 17481943712392904773 12276137264501684492 
16006242285708364798 17315071147903870510 15729016853089158438 17572527258215330935 12636133302097877210 12014836883710158109 10311271513908245591 16138825376608350521 12193318835317293226 16834367964322940633 
15271299234009035561 13855649132982769504 15440680422427886520 17435719342166325836 16476878677211983375 15941727701419738606 15459762301374190308 9875862120270031398 12081755245082957682 18026539056492572719 
11115502406378425305 15874816094786889492 14962091962394916044 18415374190982338081 10652724489137359366 13959571020668046712 16778951920842298439 10759727880968706226 11839679959545920481 10479673888206524561 
9994424393569688221 18134231637098501440 11792689571232174546 13780545870437993465 14946645279398988637 12803996919642234606 13638862810200806240 17813951809087283084 14016639297525614948 10837395310505136790 
9995622443438641467 11091514057209193090 16862810193366696769 18102170026191999097 17831380317186408372 11995311913982108602 16185136047413445102 10103922219684573430 9472242717261881860 11810429286969094065 
15399429594770523778 11115637906010580141 11928518084552353868 15021944613596273497 15007996677200371888 17390106190977445225 10166353977607281506 12797747680350232272 14736283143735766335 10316686087881199282 
17442416953756810482 17532430876941301747 13453314472441286719 12191794204310092922 12789690174919670760 16076952272785809504 11562396980664297028 9743762810310530016 17482044966148886804 14052267505249998481 
11925840183375174275 16460567593415092222 16234763515599911041 10286837823639029483 10025912503766511280 12900556840217718842 14445431431018696602 10350219044083100598 9409379540755772403 17182690340761715753 
9881831507250758352 13594182336820727970 14416016338156949716 11492518563436420687 9872257835552750636 13786626475507902853 10532563515413650966 9949670411229000469 11838131637700471374 16651439394210931475 
12504384640209077471 10934122520238412392 13664422498260445045 9252557223243820915 11343053866186604206 13513116203953985435 12251213982429557813 14809211701468205488 9795488292053439993 11875689500508540281 
14552714742350826667 17088251400623768978 9339524102440119264 10180606260003302758 11024945433182909869 18329796923324976671 14097129624251950174 9951431190503506575 14979862356195003518 10506233209130509517 
17219797774289409995 11875413966736014439 11923663648303732965 14745902746450924321 12150129864962903363 12037973329426882692 16498251042801882425 12653005771115313290 15334780551296679011 10998056728120438317 
14641890790627468253 13442079370471609603 14032840816891901668 9385551678027562256 13777564834457734921 14709759658427700032 9956024812972236683 12681014341104496444 13468090680829328398 9712705538856697902 
9700975432406018211 12027735369354625256 12708741897557861405 9902204901097098069 12389485273688274971 10485893161529030742 13143112143873450411 15005916913350765651 10105067665549812671 13626732337546847886 
10231473047183578976 10751831662103157648 9704243251131796073 11278761535629607361 9771353449841057989 13243431713419106926 13999582666068790707 17818532585023959716 13235917087223623585 14303758245778333826 
14770050471894471491 14805407312336990840 16022822775088317577 15871694852846941286 13174461469006774751 18062161352918794194 14160531825315930033 11961271100528239040 15188550551404823706 10664400849056552008 
17488800203893601869 15944252656175857952 18330059784960281831 12533561982678535327 17622745212594589793 10752522714048054038 17026546090679562575 10977455047633318941 10187295407238997142 12123588089853145787 
9231893612485582266 11268628522365676758 16879577630353890698 14320275312638169345 16630415656679569131 10274921589467900777 11097670902755339336 15864934484414812505 11480225178705788090 17367845059956726623 
10282248252325461581 17313036950833248479 16830904997402904541 15133234508525075851 15769450014431986396 15135106816983674682 17807195369860098045 10879307945697132703 10250494088571197008 16357036460768485623 
10505488959462729789 17174870701113969297 13763584350916274227 16810511765037267020 11324412869752978818 13787304646442026523 13385985515766598425 16868076965770579438 15045732890907069328 11776162991036511474 
17485943804994702712 10380837389485803855 10039213892009199054 16235089194829752607 11025297231265072166 16657446831489874405 15955983361868095018 10858600110892456127 13218481007386579998 17603626650341742438 
16054609115368044078 13675536363575058807 12254780257772695283 13308405020506715475 18373568376370293479 9304451294903064540 18287444666603852148 16618397390107967945 11407790289554375950 11034564042542659944 
16336708569020260849 9785179280416502098 10841945293186228526 13987027009221980495 14058418904123658485 17164687363192600082 17352871069599093969 12978241659496338831 17249119703233795929 17285347668362191488 
11791698882596801302 16241924557709728944 18042271027353225793 11304436295059077749 12643084021267434101 14719878409897592682 14226846613947166759 12398346883956564411 16566566723408633407 18108594741266254422 
17092176882104226749 18387867306207441386 15495653604213001382 18354155542407622251 17239769679118996259 13800831563010272182 12890436078463613054 17603170763491384380 16404146724987931718 11751347372682542275 
9549830503311682757 10289324234565401595 17363837977101484952 11075826813235538803 16253652443190039096 10211236804982540882 14445711933921317480 12201757501157419871 13109332384235910711 18361616830127312070 
11848375545415290390 13921532311956514405 16226297268964684395 14888168212772410223 13010919910333033476 12979118508671272516 10722646761965022881 16657411019713614291 10544771605922597768 14206129915939185861 
11583831606845895189 9482619340739835262 15174395974540120586 12203495012449402257 17308796697997684343 11264579628161467531 11950995832189515280 17622748266069626308 15749453544942287622 9762496354137967409 
14317015133752903608 16118910581033122425 14578910836402046790 17524754859179060323 14451368425753834131 15900005400030780938 13488252297803896531 17332766852944639180 16898619705111295085 9314444633423821008 
11572944425938454640 14067182849860020187 9813123919197102527 12083983425982378497 15812198870867486147 10298100008423558749 9725083724306649527 13627585043985697764 9586641128873600067 15796879307296430734 
16076097815733649648 17959409799413958072 10349965014859727495 11338733515352437355 15160397583204959248 9330289917351363206 11198857275203953778 14793563970127770144 16160376059581261006 18260604962046252746 
17332169036295906041 16404463242733265246 10011780176699053324 11587220103167151815 18056605666012635827 9805496769440457559 13890532912294784640 18070180664139630145 17832694126806406019 12111609975011116263 
9740901183597894937 9513655923041131076 11545767218423557824 17759461614219208445 14970187748305396303 9826397879826405784 13530016127087971086 17848800963523564381 17029920636829308103 15686847126117824924 
11927706255037645907 15289492849613225301 14159304091223969365 14648814842255441908 13248998531009616906 14783096531309693038 16396111787536169546 14871928962849638782 11960466429296276069 14515776214269289999 
13225346319700301258 11153311966472033747 15017161321644069437 17792188239316945827 10565204726805898788 12331647188878153793 13948675548950307292 14657139388825342273 12471969742124975025 11848609295950613335 
10253897354190424563 16553547679446369256 17434580898147746775 9906879077301525688 17292916340078116687 15624671235767441642 13385583930456352264 10489896009134122897 9913446571411456165 11316872847572347478 
14656544197282109801 14724138988233741463 13097696812456073283 11541465738512223260 17550501504510503608 11363287429595639391 13114838284055392622 14252983462422015215 12846117463827233823 12704485994977742631 
16785551964664694126 14486717651755538678 13265665484127559719 9467518129593545602 11809620687459369471 11353260124057325989 17328069061634347257 13384187500474599959 12640224570718852699 13625851922061136647 
18071773492371728603 14347284307898508827 15122079660725058631 17381266335303657925 11766624580635688686 16041243935939148176 13855733423198443373 11234296215877939611 15966770963465047746 11018415675602535459 
17915631617040919238 14163617909596961764 13296525618276149052 14887976283446102141 18310060580501932572 18047292429197130762 13935271492090659501 17972154443120454520 13919478172374790646 12811687420947979511 
17021356214207019777 17709311444298218203 9695527117756514960 13887495817275126603 10730084729462135332 17443729722594783688 10380342601934556111 18312640046152811328 16262958548478127560 12954090455511394505 
18170793911091026640 13818746790940936918 15013966926603034381 10664967233445692660 11797391591328168466 13558163119809413413 14517269552848874780 15661846702103953575 15962247940351324607 11581119714492813008 
13427248951723899471 10778345067527807579 14964646444940706060 12717207770527854398 17101942921726415619 17640353658694378110 11937969888486979979 16469862138298273141 16178725067784189303 14771407968315999959 
17571974747767474796 12113228402844782299 14528069370838059268 13410868668577102110 9740698125811344693 13789193466951663679 11653902864197193729 15548378947345507538 16243956210636447719 16206618100426117312 
14085441095011880910 11814584142178511649 10251870257980385144 14979542479010975059 13843799904423189270 13715906449882254332 10093547333814126851 9945478452917813102 17931429781861143905 14602647840260670832 
11857246199781030144 13004829279869730196 11246771636702743058 11926598790235263329 17605786322279188244 15157049668839571486 11204443814499774512 17034368857891724877 11609273973540832107 13390714186642118084 
15531888891730352138 12322416947720790655 9881321739167150087 16269597875622290267 11194992730129779951 16768337783052284441 13219345923539996902 15150191670916391043 12850461917417350710 10338763653689361010 
13493850511140088289 14158056978478271037 10801795914856548058 11161381854923822218 14592025297062715727 16754334549436033254 16741294849670310325 14672890325932481428 17205262196822292320 14394378914133651342 
16730832066220975432 10492522982540176154 9562674242542203037 11617631673639604624 16301618604165916137 12954187191411775691 15444824607598317286 16195709593055912283 17078666730909091004 17829924418812107989 
17270981558979041408 12540208579026653374 14054918999581311712 15965296216186030300 11568407837557551746 12732383124235659449 12271029991026065437 11797175681178881487 15498163101838681554 14126327004288850050 
11494998998462517214 16951642010998694514 11442186009009529976 17559340388740036625 14505036357261893164 17856822939214789606 14242045059472006158 14343055952905514138 10404176818405173671 17891105925332136253 
15497836214504392859 15444140408675088478 11753031109840141196 18014281670203674701 15989219150360106690 10308465825572391393 15182298754999142750 9266734233768147171 11259324825890859491 12397275487189331529 
10088919474173105790 10907522251067775156 17584173903523810188 9966742201742018663 11309704579338212286 17639110348683322213 16340543544367716037 9412609797473954614 12901072257057982536 12219805641576499009 
10730443177004040373 10803557076420708592 14103430902503847313 18396366191630959064 12077805139979289091 13446746584561196570 12620902882026434405 15840146550287847531 13005889705922566773 15996899773675184285 
13236551486553307277 13733781212803880412 10660419490766019397 10939960683302209566 11177795550246560603 14648966990494588283 15634852622953373614 10872591679535342103 13142206524807727488 15095265305173338085 
9742825642266126315 12070802697483817242 13252483977541202594 12688549783411682434 14453596468720926857 16867224874765728825 11005972729708514605 17421475444839481418 16076977546229336200 14179627201740547463 
15293696350554411090 11876936932485127062 15945765144963285356 11137088251246531401 10019562615461699965 17366625100174357667 17827978007528217932 18190641583259488856 13410768907066807469 11911509650715945186 
9892144677973342097 12074762240701256470 17666757064331129007 10349604917068972186 10733525235305622634 10875683987263009323 15266143504200536525 17131121874823268605 16017838945759619146 14390630291708026745